4706988447094252911026766097900768794619066193744153014660890947288530252539008479299630271969291182762417414101131116034750507392577413194007464158976359
-4775948711761969481885415055224602156577743118462238578672604719957141440260227072946877275071242238487644790695081088260775528939077984420575867951243482
2285562712943483074563024597594259324141662713385171958581483348698729944974136665760617962563476747526919514954513842736328403689360293492662716982445165
1025845830966284686290151926643528685027796604615036156397000610045137603387897363422368065229949122403113423884890373792085055738390259183268290471751182
1682691173943414336321121049570340184440850610100134287269506588598567206667224325513848504489546539543290682617080472757954348501463580388695451741260256
4388237069715746258580317583751921602283235755740945127391906930238934977604189426089090514093794547437507045009661236601596747843904567001756484531450126
6648801350596931192375109012929615941895961066479215041349748310697682423893122704685683097974101164829096438338840591061153739026096869364139649472350284
3559594975682068626327625315721924603685683633217473345861441388509080931110605948341287210223224615799388546839936159144467018862057977568191968726150044
1372816620738406297910264361494172689222464030118227924995891818145193575562503376082025960712717116758701715814245071240888985489791867814682661675791800
6952046689855378288382928153959587293776438196717249630310590191216542546202155659435170675300149654950303596330961432007424062825908442375810914020603548
5696197242413799951086041623604171193384795058135835059729162520943304689986109942809666831035102266607605897775878123223434398449771017186638006640068290
5506907382587338838943766057499185002063172012801436246794802386176454544384784429272197640350699861846758289331369723587763870340702861993999454881423154
5383639065053267469515904049009874686080488829677462856136728789261018032827547343582235036501851412763133773355214897106470334238698430321743917680211050
3709256889337735015620888876279959422870455754665429168302497919197450977321074712917556327952915253168297772240352904079706287639269150391979322050826929
6825437972725947597096779140881422981794052820982224026851190474240141493334377409298334423527602883494355254399416503721971287933841216272407154275638218
524282957570513181606156504230139999798164526816544609080406733816196067429103666907428396683043240347481069798266758093442921559587820636263779559220198
1987352447666609380373768842405144547642299272029478727480268049257446378511088482720920376440016438240802577017100777515040588081472967445810313646110822
1411885884410041759402168787845141048783127218080052288862621611835514401454657519449123200887917220516724291079800348199161692892102252811372970300864164
3948476205478191020925992279434592068305307682654032426064467462893944800705797304689528070214470242602951755010722414607417064524280842934017723928678493
-3497856111946188837667290268879149072301512536983026391447165313428974607837866775719254553541161177240437471127169744908113784065976347581107522483642863
2913824355633748489839377739831414783904987706411409666149111494378354224785700240109998851754463372992212165295477742098821043837731874653548134407666055
4246483506423960726293542620354246635867768473548437670523726963156358550349197475425056483600398034123211007993486545523458146979104531186977639347977849
647669466331591985499593330465558856225438021529628173552449213811378301792679886937144298479382998759476579267697783246158521184592457249133127172001982
-1461586941665137045659646019429269597410799344218503633995767871466381774394718286793255123820656459266332522445501061277710227662106894747455051416350741
3973952772778594061278213882574989503994200739046691716319404782218041379093265533392581535786978045125163597757455836528747932984265593858501151180358039
4116628916956082515763646405077173348229789217921270370956201827798512458463223792469924975196739092414040554125053766954026070792558433641403228971106702
-3779247280465168171116912961011914211469004859079440706388225955218687755193736878105535166134196855826021822668045196998300764317533150122773075479904813
6249336200122716923215311155461230657773681809881860476157826932477099099448379340232578154671126440456125080715021262325157661859290212012697242221214775
2583769575787724983734506371346945978376022153886507936831029033438893064985682334394664382854620533090685675586321738579669048891529964916390319928853055
-3479936652055908638956865186375336902642947917907035453102792486374053080956635330479468097789363823065581594946670810350920699714642894827309369567708505
1132982768734830675326998251978443644830520178584992569334533849696899321036977952666848794144874534423392238856784684361350335951821589985493897658877189
5205110208356505081567084691774750138539047488087458560889015439276492413106457313105906576649540090218103465733245604695304053112507341638336665574018556
6148884378423075568371786602365455721822345429054176245619874448202491722052664913001661856635171152262287013261308734616911295058763404658238815425984378
2778435814340032398608266615039958059225342817795734687066243661294689688935614271511092652119779419386357311287002038927988159075844100394957525818062822
2751430743491330871981363878393646929197405837548609083788429195746246198994191544116072077082222807505871748182515168141401437049797322132867113485112648
6127224655951800235315218977775670580972953519222680165218947383564652780712082175919806267023232916562447305962110923711510937599698971725491721998050109
5018873662658539105785727416030107619530637938246537322203247383139270066672711059067461160022758454581974117564496610841463321561476662724387724567377628
6605830175874303974576537840431046350441190272436495268581037938864686504172231496351152049732834176560622066129474274312865935181373712379745699057756384
34602705769207461341463611428605927258004574260434526936241037510954699820646189783930186850736693368146238406816784900946171482069754337191198309607980
-2024269251398534807251048378186807328722914588534209260215080647423286520237002034690353068128155122500922720331113733350119560487707277658048575383927625
7078391501162619537115683206627181450789347857068550670212322179158627086373433820619399610474189561278252170501056619291900239092455019191679032441320003
4980844514976603024672351682400761342437714370404070795215826446963459127768544335637945176283901806978493150013815827553953054020791892130033399351493071
7262200567205930548272482742491959320321620349244223999256736511750868702334608516396478676155186480192141233394473150898160264223216264629204014146754692
6214578134821773177470807694845009479550998097203637159013258043783938829594995254493044231739331942118390310649623576657301044312732138092154709234680071
4934963341120156844339841383657380883594613174959472029090295068120030177833008521735758178908864726658297746224101513271962003597969373138873746797279092
6463441430720481325712474586439771481190581373429433207542707152196452418841682345005118153969954344273319210492863464804875816015555959819986115033986265
464034100607956479148717419044478793833970120778003120766392661306728924370115500583911505482777609202561431951544538397038032030837708660882250795775748
595283315451079204962044869057907770342230391767558271021879477419535001050073021421855879610318546211682383115750397530990732126806255743362651309893132
-3765745978030554141321529714492437404956104792147587752100291158025572031289355604123829779996838817782835328091593409261560411298751305471177134615909529
1503957439033698209497616146080085322367100202743908314056050887162027809108479545644199814714024584582182970814628489991342314400737623392121127999933836
-2688976677860446424346078742311611595236850219665203956199564202468778181124298653172658409070082492043320077604557407022107157342427588533018083315115598
7303488237603123132967231724394461682235548692431106657207851247048002393072513009911434359345120189146959451518805418233664702526919998322049212638342314
3590307792542913468333002265567446391063590916672290554556753836291867678555023912486004582616538787609078486090465163134341927684218857031955648179671631
-6650014461221880230559888315689897832324298558791754433313565137524078881588839730458183152698517960669295449647747745528054805880555856332303727757510513
1261649476219942152889401773585822209150906392753968464801190629106103000116390072606048120764241833378907309003772741113106166580385427938642775841574332
4383746883790880998199768835049488702349814113163777599259490523704709308394812286516278991362505916613273389015925348167586861683937427591259487032078791
1035453513718850311342899953823592176608071033224605319817690840781455312897314475797964281975974266880008736124190416666402096910568981597341598638997431
7069244974755580121843829943809608847478130368994552158078791889818413715566563419331173933903637822599816103804527622237028300390911758592114212109757210
2632621992869995188032992384318954882412857316367930488239612363696728393475821270459882699294310207183950073897637788521326935061689304720254745549114627
3608700806836162291187005089237176421934734947268816948300959323609441279288823128862673993507625987331316464453409819935307717600604558718666567519895066
616495879822991827333104612056446299333911366213446452841828856635363004961427057416768765724361641439650742357125451779756568918901494987570723707052007
336451641207899734928849326680770867730463444039688740438385408653134622836768318851289467609489810254780017860137915333122596577855104426833887634794982
2588132129054226967874631375439707310142111578500439765778108777816020079263653592654010078766021254443215847486893901787517468821168628065592626327477072
-3733692072315398462342012108552655275433142565076160911295243382879578047104832315182866876754910485462128867525794749030710766747099606818160073220596426
-748800446977564980517013794618381589647117926432759721343862045237620751078383574332836812401324631809538806554101880083173307375845534151613763553450872
-2557544709033440906973456340138844915753786786237721168895693252423969979672988921455037465257514723411191714248821097641960107363974987646149490850213374
-3630116753280543304835863885816823078608665970018770834267301885893802256395646035321144366043226549346104451896146489072203003486542193775909250709184841
2813985292463617726541259422344110004036320050272999371024613668476502077643258444024534631152454851939402534712719943781203534221688320855247948083144920
3530553702695291591717366462485400096937382516795519011294263332683853863022852746134954507785337859933779444731914482978378872209173045887578821905998968
2153211682593062880202473188297254481555949270838217012392105974882006114260635483272290757835121474312153265415779701366727219539964832598348536178062618
6245921938034975351654804793915147977947547135844925683015864909843527941160184604745728504279119956085994905743293474748829746583832390476947543570147029
282352083621553745552774151518438275608374055524739019839897139257851360320171902457680654389705705710153505218864900227418152947452582037075210984904200
259026414746951927397114102619772016099155478519717231350661753114208798920607031803953630573116480861397787671243044142983828059385645464900831379406095
4593602162775945545039457513939873391033395166443891556039230185395738862688110229656388750911077629915885022877261401713132034324044372492911989800906587
5527525809786624028863507396115304445690657579328750661125056503553578439833016346874235847757493200996183335638866209982352430368290874167335193827853333
5390762527500990387238721745037087701440528243031301756999028990465632379424214430084757577031571005235356303567941334789976301909606545975960671024919015
5053066540753541107429736883931333154758093151628896126796180812735557722207037486105229606971429529563819990773451833944572217826530834766452810375603243
7219888716225246799832409260613520343723161637173191228944041620010927982146208287150003016482377757175892880559507695730694067799815030827921741546034261
4143148064960610953549204076605454975482774809547450527312237797682104645379587895747472150921870972189318256128948004949049633068090623472430047161228249
1255676026832964839304104250422060462704115398046648757394689597235708295727911656128910821127960964609032415096186660467528266504083038741235079816821725
-5631281267663288520231055575839348258502363813329930729503472565326549222180823125043451725057387038910149149081408224482179652948516086941119537384065937
5651969008389081605541694716192471058395832647221655281409690408417026900877605558173930510286823976807425441783107107383564890482976509805165597712338231
126610284843760907628489291743041560391406551483175384201433259970423498920218122711771648750576628716033482528288931611506713516267183650280956728825157
7008777628573520793743395470424197242233773952434509081996093529055476622241771199130107177104962067756697411094741859923809344666982260237351810424955579
6044487835378872488009083008891407192571302588700105437002811339405230560077693097115043321002625807850052006191538254668096156327258519660687535048780673
6369448352067739581098277297516580669884629407932493311853162478554427679761637533343187433651141104238901253120271685064137427618367353631516946256569491
2960913019915403562940626961487903571239507880435369382529148354000556830989641279611999793204562765982123456136909688990212314907222647390156000688720869
3375126724378582804638049096719082731759075443415950019714378104345689169062776007816490431915894147301370657091511653969410329519018682880023269703986473
5627920146309181201996124254316429712349687536397726542789214986014459269485060237741680903570627193333508423919366109466557033105377082920061897447177649
4693676415559788481900643945702356601713173200436365583463241109850304108370171924697962607472814805939263395497017030045512171099361137898583331830582997
1071287639269907313049234184922378530994324676760738780123892328057722544453975485855875445526357173771652713208230029263101551468410444744907158808047758
7229958863649928946743969498030710202981874262018000752661258942969234053307012507430577177666851970129096837572728276437669440066365198444686696881806941
5582108821854770703458320657220761728195630729395728167870438893631657785045016486112458373690803592633866174937635845091501871723432069209395190733537016
-4083988278227471335508418791974706749966032571490456179415852131953056500730712128305160561602102250287045771958122495607308997301182998368548013811222170
7258378661361796900039842205674081364048917712375087153913687310848508648252584503450142915924803435696577697436207331984392524169555576007765673945885115
4845839005056453085754301891199492253897176513953960636918499496436549401479099499936952677316661816454046622414587466708286506042408048925963154970295355
-2736820347388477284896930162588295925223806379918638698776018991339122279705034654976740508202031521119360431996129379172303357995354198000070461394546198
3114443215101215467941039830322364708189076480613544842071314376563425471272308188505626101648389941173676447039101035565367466704792126170737275160049513
6834198054601022559166092771018567026142124076690987240383703301058573746837118995157929579775318733823750034475987684962086888752742033765736106563426494
